0,0 1,1 2,1 3,2 4,3 5,3 6,4 7,4 8,5 9,5 10,6 11,7 12,6 13,7 14,6 15,6 16,6 17,6 18,7 18,8 18,9 17,10 17,11 18,12 19,13 20,14 21,13 22,14 23,13 24,13 25,13 26,14 27,15 28,15 29,16 30,17 31,18 32,18 33,18 34,18 35,19 36,20 37,21 38,21 39,21 40,22 41,23 42,23 43,24 44,24 45,25 45,26 46,27 46,28 46,29 45,30 46,31 45,32 45,33 46,34 46,35 47,36 48,37 49,38 50,39 51,40 52,40 53,41  Distance: 2194
0,0 1,1 2,1 3,2 2,3 2,4 1,5 0,6 1,7 2,8 3,9 4,10 5,11 6,12 7,13 8,13 9,14 10,15 9,16 10,17 11,18 12,19 12,20 13,21 14,22 14,23 15,24 16,24 17,25 18,26 19,27 20,28 21,29 22,29 23,30 24,31 24,32 24,33 25,34 26,33 27,34 28,34 29,35 29,36 30,37 31,38 31,39 31,40 31,41 32,42 33,43 33,44 34,45 35,46 35,47 35,48 36,49 37,50 38,51 39,52 40,52 41,53 42,54 43,54 44,55 45,55 46,55 47,55 48,56 48,57 49,58 50,59 51,59 52,59 53,60 53,61 54,62 55,63 55,64 56,65 57,66 58,67 59,68 60,68 61,69 62,70 63,70 64,71 65,71 66,72 65,73 65,74 66,75 66,76 67,77 68,78 68,79 68,80 69,81 70,82 71,83 71,84 72,85 73,86 74,87 74,88 74,89 73,90 72,91 71,92 70,93 70,94 69,95 70,96 70,97 69,98 68,98 67,97  Distance: 3749
0,0 1,1 2,1 3,2 4,3 5,3 6,4 7,4 8,5 9,5 10,6 11,7 12,6 13,7 14,6 15,6 16,6 17,6 18,7 18,8 18,9 17,10 17,11 18,12 19,13 20,14 21,13 22,14 23,13 24,13 25,13 26,14 27,15 28,15 29,16 30,17 31,18 32,18 33,18 34,18 35,19 36,20 37,21 38,21 39,21 40,22 41,23 42,23 43,24 44,24 45,25 45,26 46,27 46,28 47,29 48,30 49,31 50,32 51,32 52,31 53,30 54,31 55,32 56,32 57,33 58,34 59,35 60,36 61,36 62,37 63,38 62,39 63,40 63,41 63,42 64,43 65,43 66,44 67,45 68,46 68,47 68,48 69,49 70,50 71,51 72,52 73,53 74,54 74,55 75,56 76,57 77,58 78,59 78,60 79,61 80,62 81,62 82,62  Distance: 3252
0,0 1,1 2,1 3,2 2,3 2,4 1,5 0,6 1,7 2,8 3,9 4,10 5,11 6,12 7,13 8,13 9,14 10,15 9,16 10,17 11,18 12,19 12,20 12,21 12,22 13,23 14,24 13,25 12,26 11,27 10,28 10,29 11,30 10,31 11,32 11,33 12,34 13,35 12,36 12,37 13,38 14,39 14,40 14,41 14,42 14,43 15,44 16,45 17,44 18,44 19,45 19,46 20,47 21,47 22,47 23,48 24,49 25,50 26,50 27,51 28,52 28,53 29,54 30,53 31,54 32,54 33,55 33,56 32,57 32,58 33,59 34,60 35,61 36,62 37,63 38,63 39,64 40,65 40,66 41,67 42,68 43,69 43,70 44,71 45,70 46,71 46,72 46,73 47,74 48,75 49,76 49,77 49,78 49,79 49,80 50,81 50,82 49,83 50,84 51,85 52,86 53,87 54,88 54,89 55,90 54,91 53,92 54,93  Distance: 3499
0,0 1,1 2,1 3,2 2,3 2,4 1,5 0,6 1,7 2,8 3,9 4,10 5,11 6,12 7,13 8,13 9,14 10,15 9,16 10,17 11,18 12,19 12,20 12,21 12,22 13,23 14,24 13,25 12,26 11,27 10,28 10,29 11,30 10,31 11,32 11,33 11,34  Distance: 1302
0,0 1,1 2,1 3,2 2,3 2,4 1,5 0,6 1,7 2,8 3,9 4,10 5,11 6,12 7,13 8,13 9,14 10,15 9,16 10,17 11,18 12,19 12,20 13,21 14,22 14,23 15,24 16,24 17,25 18,26 19,27 20,28 21,29 22,29 23,30 24,31 24,32 24,33 25,34 26,33 27,34 28,34 29,35 29,36 30,37 31,38 31,39 31,40 31,41 32,42 33,43 33,44 34,45 35,46 35,47 35,48 36,49 37,50 38,51 39,52 40,52 41,53 42,54 43,54 44,55 45,55 46,55 47,55 48,56 48,57 49,58 50,59 51,59 52,59 53,60 53,61 54,62 55,63 55,64 56,65 57,66 58,67 59,68 60,68 61,69 62,70 63,70 64,71 65,71 66,72 67,73 68,74 69,75 70,76 71,77 72,78 73,79 74,80 75,81 76,82 77,83 78,84 79,85 80,86 81,86 82,87 83,88 83,89 84,90 85,91 86,92 87,93 88,93 89,94 90,94 91,95 91,96 92,97 93,98 94,98 95,97 96,97 97,97 98,98 99,99  Distance: 4219
0,0 1,1 2,1 3,2 2,3 2,4 1,5 0,6 1,7 2,8 3,9 4,10 5,11 6,12 7,13 8,13 9,14 10,15 9,16 10,17 11,18 12,19 12,20 13,21 14,22 14,23 15,24 16,24 17,25 18,26 19,27 20,28 21,29 22,29 23,30 24,31 24,32 24,33 25,34 26,33 27,34 28,34 29,35 29,36 30,37 31,38 31,39 31,40 31,41 32,42 33,43 33,44 34,45 35,46 35,47 35,48 36,49 37,50 38,51 39,52 40,52 41,53 42,54 43,54 44,55 45,55 46,55 47,55 48,56 48,57 49,58 50,59 51,59 52,59 53,60 53,61 54,62 55,63 55,64 56,65 57,66 58,67 59,68 60,68 61,69 62,70 63,70 64,71 65,71 66,72 67,73 68,74 69,75 70,76 71,77 72,78 73,79 74,80 75,81 76,82 77,83 78,84 79,85 80,85 81,85 82,85 83,86 84,86 85,87 86,88 87,88 88,88  Distance: 3781
0,0 1,1 2,1 3,2 4,3 5,3 6,4 7,4 8,5 9,5 10,6 11,7 12,6 13,7 14,6 15,6 16,6 17,6 18,7 18,8 18,9 17,10 17,11 18,12 19,13 20,14 21,13 22,14 23,13 24,13 25,13 26,14 27,15 28,15 29,16 30,17 31,18 32,18 33,18 34,18 35,19 36,20 37,21 38,21 39,21 40,22 41,23 42,23 43,24 44,24 45,25 45,26 46,27 46,28 46,29 45,30 46,31 45,32 45,33 46,34 46,35 47,36 48,37 49,38 50,39 51,40 52,40 53,41 54,42 55,43 56,44 57,44 58,44 59,44 60,45 61,45 62,45 63,46 64,47 65,46  Distance: 2640
0,0 1,1 2,1 3,2 2,3 2,4 1,5 0,6 1,7 2,8 3,9 4,10 5,11 6,12 7,13 8,13 9,14 10,15 9,16 10,17 11,18 12,19 12,20 12,21 12,22 13,23 14,24 14,25 15,26 16,27 17,28 17,29 17,30 17,31 18,32 18,33 19,34 18,35 19,36 20,37 21,38 22,39 23,38 24,38 25,38 26,39 26,40 27,41 28,42 28,43 29,44 30,45 31,46 30,47 31,48 32,49  Distance: 1987
0,0 0,1 1,2 2,2  Distance: 218
0,0 1,1 2,1 3,2 2,3 2,4 1,5 0,6 1,7 2,8 3,9 4,10 5,11 6,12 7,13 8,13 9,14 10,15 9,16 10,17 11,18 12,19 12,20 12,21 12,22 13,23 14,24 13,25 12,26 11,27 10,28 10,29 11,30 10,31 11,32 11,33 12,34 13,35 12,36 12,37 13,38 14,39 14,40 14,41 14,42 14,43 15,44 16,45 16,46 15,47 15,48 15,49 14,50 14,51 14,52 15,53 16,54 16,55 15,56 15,57 15,58 16,59 16,60 17,61 16,62 16,63 16,64 17,65 16,66 16,67 15,68 14,69 14,70 14,71 13,72 14,73 14,74 14,75 15,76 15,77 15,78 16,79 15,80 14,81 14,82 14,83 14,84 13,85 13,86 13,87 12,88 11,89 10,90 10,91 11,92 10,93 9,94 9,95 10,96 9,97 10,98 9,99  Distance: 3290
0,0 1,1 2,1 3,2 4,3 5,3 6,4 7,4 8,5 9,5 10,6 11,7 12,6 13,5 14,5 15,5 16,5 17,5 18,6 19,5 20,6 21,6 22,5 23,4 24,4 25,4 26,3 27,4 28,4 29,5 30,4 31,4 32,3 33,2 34,3 35,3 36,3 37,3 38,3 39,2 40,2 41,1 42,0 43,1 44,2 45,3 46,3 47,3 48,3 49,4 50,4 51,5 52,5 53,5 54,4 55,4 56,4 57,5 58,4 59,5 60,6 61,7 62,6 63,6 64,7 65,7 66,8 67,9 68,10 69,9 70,8 71,9 72,9 73,9 74,8 75,8 76,7 77,6 78,5 79,4 80,4 81,5 82,6 83,6 84,5 85,5 86,5 87,5 88,5 89,6 90,7 91,8 92,8 93,8 94,9 95,10 96,11 97,10 98,9 99,9  Distance: 3374
0,0 1,1 2,1 3,2 2,3 2,4 1,5 0,6 1,7 2,8 3,9 4,10 5,11 6,12 7,13 8,13 9,14 10,15 9,16 10,17 11,18 12,19 12,20 13,21 14,22 14,23 15,24 16,24 17,25 18,26 19,27 20,28 21,29 22,29 23,30 24,31 24,32 24,33 25,34 26,33 27,34 28,34 29,35 29,36 30,37 31,36 32,37 33,38 33,39 34,40 35,41 36,42 37,43 37,44 38,45  Distance: 1997
0,0 1,1 2,1 3,2 4,3 5,3 6,4 7,4 8,5 9,5 10,6 11,7 12,6 13,7 14,6 15,6 16,6 17,6 18,7 18,8 18,9 17,10 17,11 18,12 19,13 20,14 20,15 20,16 21,17 22,17 23,18 24,18 25,19 26,20 26,21 27,22 28,22 29,22 30,22 31,23 32,24 33,25 34,26 35,26 36,26 37,25 38,26 39,27 40,28 41,29 41,30 42,31 43,32 43,33 42,34 41,35 42,36 43,37 44,38 45,38  Distance: 1989
0,0 1,1 2,1 3,2 2,3 2,4 1,5 0,6 1,7 2,8 3,9 4,10 5,11 6,12 7,13 8,13 9,14 10,15 9,16 10,17 11,18 12,19 12,20 12,21 12,22 13,23 14,24 13,25 12,26 11,27 10,28 10,29 11,30 10,31 11,32 11,33 12,34 13,35 12,36 12,37 13,38 14,39 14,40 14,41 14,42 15,43 15,44 16,45 16,46 17,47 18,48 19,49 20,50 20,51 21,52 21,53 22,54 21,55 21,56 22,57 23,58 23,59 23,60 22,61 23,62 22,63 23,64 23,65  Distance: 2280
0,0 1,1 2,1 3,2 4,3 5,3 6,4 7,4 8,5 9,5 10,6 11,7 12,6 13,7 14,6 15,6 16,6 17,6 18,7 18,8 18,9 17,10 17,11 18,12 19,13 20,14 21,13 22,14 23,13 24,13 25,13 26,14 27,15 28,15 29,16 30,17 31,18 32,18 33,18 34,18 35,19 36,20 37,21 38,21 39,21 40,22 41,23 42,23 43,24 44,24 45,25 46,25 47,25 48,25 49,26 50,25 51,24 52,24 53,23 54,24 55,23 56,24 57,23 58,23 59,23 60,23 61,22 62,22 63,23 64,22 65,23  Distance: 2273
0,0 1,1 2,1 3,2 4,3 5,3 6,4 7,4 8,5 9,5 10,6 11,7 12,6 13,7 14,6 15,6 16,6 17,6 18,7 18,8 18,9 17,10 17,11 18,12 19,13 20,14 20,15 20,16 21,17 22,17 23,18 24,18 25,19 26,20 26,21 27,22 28,22 29,22 30,22 31,23 31,24 31,25 31,26 32,27 32,28 31,29 31,30  Distance: 1519
0,0 1,1 2,1 3,2 2,3 2,4 1,5 0,6 1,7 2,8 3,9 4,10 5,11 6,12 7,13 8,13 9,14 10,15 9,16 10,17 11,18 12,19 12,20 12,21 12,22 13,23 14,24 13,25 12,26 11,27 10,28 10,29 11,30 10,31 11,32 11,33 12,34 13,35 12,36 12,37 13,38 14,39 14,40 14,41 14,42 14,43 15,44 16,45 16,46 17,47 18,48 19,49 20,50 20,51 21,52 21,53 20,54 19,55 19,56 20,57 20,58 20,59 20,60 21,61 21,62 20,63 21,64 21,65 22,66 23,67 23,68 24,69 25,70 25,71 25,72 26,73 27,74 27,75 28,76 27,77  Distance: 2577
0,0 1,1 2,1 3,2 4,3 5,3 6,4 7,4 8,5 9,5 10,6 11,7 12,6 13,7 14,6 15,6 16,6 17,6 18,7 18,8 18,9 17,10 17,11 18,12 19,13 20,14 21,13 22,14 23,13 24,13 25,13 26,14 27,15 28,15 29,16 30,17 31,18 32,18 33,18 34,18 35,19 36,20 37,21 38,21 39,21 40,22 41,23 42,23 43,24 44,24 45,25 46,25 47,25 48,25 49,26 50,25 51,24 52,24 53,23 54,24 55,23 56,24 57,23 58,23 59,23 60,23 61,22 62,23 63,22 64,23 65,22 66,23 67,24 68,25 69,26 70,27 71,27 72,27 73,27 74,28 75,29 76,28 77,27  Distance: 2655
0,0 1,1 2,1 3,2 4,3 5,3 6,4 7,4 8,5 9,5 10,6 11,7 12,6 13,7 14,6 15,6 16,6 17,6 18,7 18,8 18,9 17,10 17,11 18,12 19,13 20,14 21,13 22,14 23,13 24,13 25,13 26,14 27,15 28,15 29,16 30,17 31,18 32,18 33,18 34,18 35,19 36,20 37,21 38,21 39,21 40,22 41,23 42,23 43,24 44,24 45,25 46,25 47,25 48,25 49,26 50,25 51,24 52,24 53,23 54,24 55,23 56,24 57,23 58,23 59,23 60,23 61,22 62,23 63,22 64,23 65,22 66,23 67,24 68,25 69,26 70,27 71,27 72,27 73,27 74,28 75,29 76,28 77,27 78,26 78,25 79,24 80,23 81,23 82,23 83,23 84,23 85,24 86,24 87,23 88,23 89,23 90,22 90,21 91,20 92,20 93,20 94,21 95,21 96,20 97,20 98,20 99,21 100,22 101,21 102,20 103,19 104,19 105,20 106,21 107,21 107,22 107,23 108,24 109,25 110,26 111,26 112,25 113,25 114,25 115,26 116,26 117,27 118,28 119,29 120,29 121,30 122,30 123,29 124,30 125,31 126,32 127,33 128,33 129,33 130,33 131,33 132,34 133,35 133,36 134,37 135,38 136,37 137,38 138,39 139,40 140,40 141,41 142,42 143,41 144,41 145,40 146,41 147,41 148,41 149,41 150,41 151,42 152,42 153,43 154,44 155,44 156,43 157,42 158,41 159,41  Distance: 5153
0,0 1,1 2,1 3,2 2,3 2,4 1,5 0,6 1,7 2,8 3,9 4,10 5,11 6,12 7,13 8,13 9,14 10,15 9,16 10,17 11,18 12,19 12,20 12,21 12,22 13,23 14,24 13,25 12,26 11,27 10,28 10,29 11,30 10,31 11,32 11,33 12,34 13,35 12,36 12,37 13,38 14,39 14,40 14,41 14,42 15,43 15,44 16,45 16,46 15,47 15,48 15,49 14,50 14,51 14,52 15,53 16,54 16,55 15,56 15,57 15,58 16,59 16,60 17,61 16,62 16,63 16,64 17,65 16,66 16,67 15,68 14,69 14,70 14,71 13,72 14,73 14,74 14,75 15,76 15,77 15,78 16,79 15,80 14,81 14,82 14,83 14,84 15,85 16,86 17,86 18,87 19,88 20,88 21,89 20,90 21,91 22,92 22,93 22,94 21,95 21,96 21,97 21,98 22,99 23,100 23,101 22,102 21,103 21,104 20,105 19,106 18,107 18,108 18,109 17,110 18,111 18,112 19,113 19,114 20,115 20,116 19,117 18,117 17,118 16,119 17,120 16,121 15,122 16,123 17,124 16,125 17,126 17,127 18,128 19,129 18,130 18,131 17,132 18,133 19,134 20,135 21,135 22,134 23,134 24,135 25,136 26,137 26,138 27,139 26,140 27,141 27,142 28,143 28,144 28,145 29,146 29,147 30,148 29,149 29,150 28,151 29,152 28,153 29,154 30,155 30,156 31,157 31,158 31,159 31,160 31,161 32,162 32,163 32,164 33,165  Distance: 5176
0,0 1,1 2,1 3,2 2,3 2,4 1,5 0,6 1,7 2,8 3,9 4,10 5,11 6,12 7,13 8,13 9,14 10,15 9,16 10,17 11,18 12,19 12,20 12,21 12,22 13,23 14,24 13,25 12,26 11,27 10,28 10,29 11,30 10,31 11,32 11,33 12,34 13,35 12,36 12,37 13,38 14,39 14,40 14,41 14,42 14,43 15,44 16,45 16,46 15,47 15,48 15,49 14,50 14,51 13,52 12,53 11,53 10,54 9,55 8,56 8,57 9,58 9,59 8,60 7,60 6,61 6,62 6,63 5,64 4,64 3,65  Distance: 2278
0,0 1,1 2,1 3,2 2,3 2,4 1,5 0,6 1,7 2,8 3,9 4,10 5,11 6,12 7,13 8,13 9,14 10,15 9,16 10,17 11,18 12,19 12,20 13,21 14,22 14,23 15,24 16,24 17,25 18,26 19,27 20,28 21,29 22,29 23,30 24,31 24,32 24,33 25,34 26,33 27,34 28,34 29,35 29,36 30,37 31,38 31,39 31,40 31,41 32,42 33,43 33,44 34,45 35,46 35,47 35,48 36,49 37,50 38,51 39,52 40,52 41,53 42,54 43,54 44,55 45,55 46,55 47,55 48,56 48,57 49,58 50,59 51,59 52,59 53,60 53,61 54,62 55,63 55,64 56,65 57,66 58,67 59,68 60,68 61,69 62,70 63,70 64,71 65,71 66,72 67,73 68,74 69,75 70,76 71,77 72,78 73,79 74,80 75,81 76,82 77,83 78,84 79,85 80,86 81,86 82,87 83,88 83,89 84,90 85,91 86,92 87,93 88,93 89,94 90,94 91,95 91,96 92,97 91,98 92,99 93,100 94,100 95,101 96,102 96,103 96,104 96,105 97,106 97,107 98,108 99,109 99,110 99,111 100,112 101,112 102,113 102,114 103,115 104,116 104,117 104,118 104,119 103,120 103,121 102,122 103,123 104,124 104,125 105,126 106,127 106,128 106,129 105,130 106,131 105,132 106,133 106,134 105,135  Distance: 5159
0,0 1,1 2,1 3,2 4,3 5,3 6,4 7,4 8,5 9,5 10,6 11,7 12,6 13,7 14,6 15,6 16,6 17,6 18,7 18,8 18,9 17,10 17,11 18,12 19,13 20,14 21,13 22,14 23,13 24,13 25,13 26,14 27,15 28,15 29,16 30,17 31,18 32,18 33,18 34,18 35,19 36,20 37,21 38,21 39,21 40,22 41,23 42,23 43,24 44,24 45,25 45,26 46,27 46,28 47,29 48,30 49,31 50,32 51,32 52,31 53,30 54,31 55,32 56,32 57,33 58,34 59,35 60,36 61,36 62,37 63,38 62,39 63,40 63,41 63,42 64,43 65,44 66,44 67,45 68,46 68,47 68,48 69,49 70,50 71,51 72,52 73,53 74,54 74,55 75,56 76,57 77,57 78,57 79,58 80,57 81,58 82,58 83,58 84,58 85,59 86,60 87,61 88,61 89,61 90,61 91,61 92,62 92,63 93,64 94,65 95,66 96,67 97,66 98,66 99,66 100,66 101,66 102,65 103,65 104,64 105,64 106,65 107,66 108,67 109,68 110,69 111,69 112,70 113,71 114,70 115,71 116,71 117,70 118,71 119,72 120,73 121,74 122,75 123,76 124,75 125,76 126,77 127,78 128,79 129,78 130,78 131,79 132,80 132,81 132,82 133,83 134,83 135,83 136,83 137,83 138,84 139,84 140,84 141,83 142,84 143,85 144,85 145,86 146,87 147,86 148,87 149,88 150,89 151,89 152,90 153,89 154,89 155,90 156,90 157,89 158,90 159,90 160,89 161,90 162,90 163,89 164,89 165,90 166,89 167,88 168,87 169,86 170,87 171,88 172,89 173,89 174,90 175,91 176,91 177,91 178,92 179,92 180,93 181,93 182,92 183,92 184,93 184,94 185,95 185,96 186,97  Distance: 6584
0,0 1,1 2,1 3,2 4,3 5,3 6,4 7,4 8,5 9,5 10,6 11,7 12,6 13,7 14,6 15,6 16,6 17,6 18,7 18,8 18,9 17,10 17,11 18,12 19,13 20,14 21,13 22,14 23,13 24,13 25,13 26,13 27,13 28,14 29,13 30,13 31,13 32,12 33,12 34,11  Distance: 1328
0,0 1,1 2,1 3,2 4,3 5,3 6,4 5,5 6,6 6,7 5,8 5,9  Distance: 545
0,0 1,1 2,1 3,2 4,3 5,3 6,4 7,4 8,5 9,5  Distance: 425
0,0 1,1 2,1 3,2 2,3 2,4 1,5 0,6 1,7 2,8 3,9 4,10 5,11 6,12 7,13 8,13 9,14 10,15 9,16 10,17 11,18 12,19 12,20 13,21 14,22 14,23 15,24 16,24 17,25 18,26 19,27 20,28 21,29 22,29 23,30 24,31 24,32 24,33 25,34 26,33 27,34 28,34 29,35 29,36 30,37 31,38 31,39 31,40 31,41 32,42 33,43 33,44 34,45 35,46 35,47 35,48 36,49 37,50 38,51 39,52 40,52 41,53 42,54 43,54 44,55 45,55 46,55 47,55 48,56 48,57 49,58 50,59 51,59 52,59 53,58 54,58 55,59 56,59 57,58 58,59 59,59 60,60 61,60 62,61 63,62 64,62 65,63 65,64 66,65 67,66 67,67  Distance: 3032
0,0 1,1 2,1 3,2 4,3 5,3 6,4 7,4 8,5 9,5 10,6 11,7 12,6 13,7 14,6 15,6 16,6 17,6 18,7 18,8 18,9 17,10 17,11 18,12 19,13 20,14 20,15 20,16 21,17 22,17 23,18 24,18 25,19 26,20 26,21 27,22 28,22 29,22 30,22 31,23 31,24 31,25 31,26 32,27 32,28 31,29 31,30 31,31 32,32 33,33  Distance: 1601
0,0 1,1 2,1 3,2 2,3 2,4 1,5 0,6 1,7 2,8 3,9 4,10 5,11 6,12 7,13 8,13 9,14 10,15 9,16 10,17 11,18 12,19 12,20 13,21 14,22 14,23 15,24 16,24 17,25 18,26 19,27 20,28 21,29 22,29 23,30 24,31 24,32 24,33 25,34 26,33 27,34 28,34 29,35 29,36 30,37 31,38 31,39 31,40 31,41 32,42 33,43 33,44 34,45 35,46 35,47 35,48 36,49 37,50 38,51 39,52 40,52 41,53 42,54 43,54 44,55 45,55 46,55 47,55 48,56 48,57 49,58 50,59 51,59 52,59 53,58 54,58 55,59 56,59 57,58 58,59 59,59 60,60 61,60 62,61 62,62 63,63 62,64 63,65 64,65 65,65 66,66  Distance: 2975
0,0 1,1 2,1 3,2 2,3 2,4 1,5 0,6 1,7 2,8 3,9 4,10 5,11 6,12 7,13 8,13 9,14 10,15 9,16 10,17 11,18 12,19 12,20 13,21 14,22 14,23 15,24 16,24 17,25 18,26 19,27 20,28 21,29 22,29 23,30 24,31 24,32 24,33 25,34 26,33 27,34 28,34 29,35 29,36 30,37 31,38 31,39 31,40 31,41 32,42 33,43 33,44 34,45 35,46 35,47 35,48 36,49 37,50 38,51 39,52 40,52 41,53 42,54 43,54 44,55 45,55 46,55 47,55 48,56 48,57 49,58 50,59 51,59 52,59 53,58 53,57 53,56 54,55 55,55  Distance: 2593
0,0 1,1 2,1 3,2 4,3 5,3 6,4 7,4 8,5 9,5 10,6 11,7 12,6 13,7 14,6 15,6 16,6 17,6 18,7 18,8 18,9 17,10 17,11 18,12 19,13 20,14 20,15 20,16 21,17 22,17 23,18 24,18 25,19 26,20 26,21 27,22 28,22 29,22 30,22 31,23 31,24 31,25 31,26 32,27 32,28 31,29 31,30 31,31 32,32 32,33 33,34 34,34 35,35 36,35 37,35 38,36 39,37 40,38 40,39 40,40 41,41 42,42 42,43 43,44 44,44  Distance: 2196
0,0 1,1 2,1 3,2 4,3 5,3 6,4 5,5 6,6 7,7 8,8 9,9 10,10 11,11  Distance: 691
0,0 1,1 2,1 3,2 2,3 2,4 1,5 0,6 1,7 2,8 3,9 4,10 5,11 6,12 7,13 8,13 9,14 10,15 9,16 10,17 11,18 12,19 13,19 14,20 15,21 16,21 17,22 18,22 19,22 20,22 21,22 22,22  Distance: 1208
0,0 1,1 2,1 3,2 2,3 2,4 1,5 0,6 1,7 2,8 3,9 4,10 4,11 3,12 4,13 5,14 6,15 7,16 8,16 9,17 8,18 9,19 8,20 9,21 10,21 11,22  Distance: 1003
0,0 1,1 2,1 3,2 4,3 5,3 6,4 7,4 8,5 9,5 10,6 11,7 12,6 13,7 14,6 15,6 16,6 17,6 18,7 18,8 18,9 19,10 20,10 21,10 22,11  Distance: 1029
0,0 1,1 2,1 3,2 2,3 2,4 1,5 0,6 1,7 2,8 3,9 4,10 5,11 6,12 7,13 8,13 9,14 10,15 9,16 10,17 11,18 12,19 12,20 13,21 14,22 14,23 15,24 16,24 17,25 18,26 19,27 20,28 21,29 22,29 23,30 24,31 24,32 24,33 25,34 26,33 27,34 28,34 29,35 29,36 30,37 31,38 31,39 31,40 31,41 32,42 33,43 33,44 34,45 35,46 35,47 35,48 36,49 37,50 38,51 39,52 40,52 41,53 42,54 43,54 44,55 45,55 46,55 47,55 48,56 48,57 49,58 50,59 51,59 52,59 53,60 53,61 54,62 55,63 55,64 56,65 57,66 58,67 59,68 60,68 61,69 62,70 63,70 64,71 65,71 66,72 67,73 68,74 69,75 70,76 71,77 72,78 73,79 74,80 75,81 76,82 77,83 78,82 79,81 80,80  Distance: 3465
0,0 1,1 2,1 3,2 2,3 2,4 1,5 0,6 1,7 2,8 3,9 4,10 5,11 6,12 7,13 8,13 9,14 10,15 9,16 10,17 11,18 12,19 12,20 12,21 12,22 13,23 14,24 13,25 12,26 11,27 10,28 10,29 11,30 10,31 11,32 11,33 12,34 13,35 12,36 12,37 13,38 14,39 14,40 14,41 14,42 15,43 15,44 16,45 17,44 18,44 19,45 19,46 20,47 21,47 22,47 23,48 24,49 25,50 26,50 27,51 28,52 28,53 29,54 30,53 31,54 32,54 33,55 33,56 32,57 32,58 33,59 34,60 35,61 36,62 37,63 38,63 39,64 40,65 40,66 41,67 42,68 43,69 43,70 44,71 45,70 46,71 46,72 46,73 47,74 48,75 49,76 49,77 49,78 49,79 49,80 50,81 50,82 49,83 50,84 51,85 52,86 53,87 54,88 55,89 56,90 57,90 58,89 59,90 60,91 61,92 62,93 63,94 63,95 63,96 64,97 65,98 65,99  Distance: 3794
0,0 1,1 2,1 3,2 4,3 5,3 6,4 7,4 8,5 9,5 10,6 11,7 12,6 13,7 14,6 15,6 16,6 17,6 18,7 18,8 18,9 17,10 17,11 18,12 19,13 20,14 21,13 22,14 23,13 24,13 25,13 26,14 27,15 28,15 29,16 30,17 31,18 32,18 33,18 34,18 35,19 36,20 37,21 38,21 39,21 40,22 41,23 42,23 43,24 44,24 45,25 45,26 46,27 46,28 47,29 48,30 49,31 50,32 51,32 52,31 53,30 54,31 55,32 56,32 57,33 58,34 59,35 60,36 61,36 62,37 63,38 62,39 63,40 63,41 63,42 64,43 65,43 66,44 67,45 68,46 68,47 68,48 69,49 70,50 71,51 72,52 73,53 74,54 74,55 75,56 76,57 77,57 78,57 79,58 80,57 81,58 82,58 83,58 84,58 85,59 86,60 87,61 88,61 89,61 90,61 91,61 92,62 92,63 93,64 94,65 95,66 96,67 97,66 98,66 99,65  Distance: 3726
0,0 1,1 2,1 3,2 4,3 5,3 6,4 7,4 8,5 9,5 10,6 11,7 12,6 13,5 14,5 15,5 16,5 17,5 18,6 19,5 20,6 21,6 22,5 23,4 24,5 25,5 26,5 27,6 28,6 29,7 30,7 31,7  Distance: 1256