0,0 1,1 2,2 3,3 4,4 5,4 6,5 7,6 8,6 9,7 10,8 11,9 11,10 12,11 13,12 14,13 15,13 16,12 17,12 18,12 19,13 20,13 21,12 22,12 23,12 24,13 25,13 26,14 26,15 27,16 28,16 29,17 30,18 31,18 32,19 33,20 34,21 34,22 35,23 36,24 37,25 37,26 38,27 39,28 40,29 41,29 42,30 43,31 44,31 45,32 46,33 47,34 48,35 49,36 50,37 51,38 52,38 53,39 53,40 53,41  Distance: 1428
0,0 0,1 1,2 2,3 3,4 3,5 2,6 3,7 3,8 4,9 5,10 6,11 7,12 8,13 9,14 9,15 10,16 10,17 11,18 11,19 11,20 11,21 12,22 12,23 13,24 13,25 14,26 14,27 14,28 14,29 15,30 16,31 17,32 17,33 17,34 17,35 18,36 17,37 17,38 18,39 19,39 20,40 21,40 22,41 23,42 24,43 24,44 25,45 26,46 26,47 25,48 25,49 26,50 27,51 27,52 27,53 28,54 28,55 27,56 28,57 29,57 30,58 30,59 31,60 30,61 31,62 32,63 32,64 32,65 33,66 33,67 34,68 35,69 36,70 37,71 38,72 39,73 39,74 40,75 41,75 42,76 43,77 43,78 44,79 45,79 46,79 47,80 48,81 49,82 50,83 51,84 51,85 51,86 52,87 53,87 54,88 55,89 56,89 57,88 58,89 59,89 60,89 61,89 62,90 63,91 63,92 64,93 65,94 66,95 66,96 67,97  Distance: 2561
0,0 1,1 2,2 3,3 4,4 5,4 6,5 7,6 8,6 9,7 10,8 11,9 11,10 12,11 13,12 14,13 15,13 16,12 17,12 18,12 19,13 20,13 21,12 22,12 23,12 24,13 25,13 26,14 26,15 27,16 28,16 29,17 30,18 31,18 32,19 33,20 34,21 34,22 35,23 36,24 37,25 37,26 38,27 39,28 40,29 41,29 42,30 43,31 44,31 45,32 46,33 47,34 48,35 49,36 50,35 51,35 52,36 53,35 54,35 55,36 56,37 56,38 57,39 57,40 58,41 59,42 60,42 61,42 62,42 63,43 64,44 65,45 66,46 67,46 68,45 69,45 70,45 71,46 72,47 73,48 73,49 74,50 73,51 73,52 73,53 73,54 74,55 75,56 76,57 77,57 78,58 79,59 80,60 81,61 82,62  Distance: 2091
0,0 0,1 1,2 2,3 3,4 3,5 2,6 3,7 3,8 4,9 5,10 6,11 7,12 8,13 9,14 9,15 10,16 10,17 11,18 11,19 11,20 11,21 12,22 12,23 13,24 13,25 14,26 14,27 14,28 14,29 15,30 16,31 17,32 17,33 17,34 16,35 16,36 17,37 17,38 18,39 19,39 20,40 21,40 22,41 23,42 24,43 24,44 25,45 26,46 26,47 25,48 25,49 26,50 27,51 27,52 27,53 28,54 28,55 27,56 28,57 29,57 30,58 30,59 31,60 30,61 31,62 32,63 32,64 32,65 33,66 33,67 34,68 35,69 36,70 37,71 38,72 39,73 39,74 40,75 41,75 42,76 43,77 43,78 44,79 45,79 46,79 47,80 48,81 49,82 50,83 51,84 51,85 51,86 52,87 53,88 53,89 53,90 52,91 53,92 52,93 53,94 54,93  Distance: 2360
0,0 0,1 1,2 2,3 3,4 3,5 2,6 3,7 3,8 4,9 3,10 4,11 4,12 5,13 4,14 5,15 4,16 4,17 5,18 5,19 6,20 7,21 7,22 8,23 8,24 9,25 8,26 7,27 6,28 7,29 7,30 8,31 9,32 10,33 11,34  Distance: 821
0,0 1,1 2,2 3,3 4,4 5,4 6,5 7,6 8,6 9,7 10,8 11,9 11,10 12,11 13,12 14,13 15,14 16,15 17,16 18,17 19,17 20,17 21,18 21,19 22,20 23,20 24,20 25,21 26,21 27,22 28,23 29,24 30,25 31,26 32,27 31,28 32,29 33,30 34,31 35,32 36,33 37,33 38,34 39,35 40,36 40,37 41,38 42,39 43,40 44,41 45,42 45,43 46,44 46,45 47,46 48,46 49,47 49,48 49,49 50,50 51,51 52,52 53,53 53,54 53,55 54,56 53,57 53,58 53,59 54,60 55,61 56,61 57,62 57,63 58,64 59,65 59,66 60,67 61,67 62,67 63,68 63,69 64,70 64,71 65,72 66,73 67,74 68,75 68,76 68,77 68,78 68,79 69,80 70,81 71,81 72,82 73,83 74,84 75,85 76,85 77,85 78,86 79,85 80,85 81,85 82,86 83,87 84,88 85,88 86,89 87,90 88,91 89,92 90,92 91,92 92,93 93,94 94,95 95,95 96,96 97,97 97,98 98,99 99,99  Distance: 2995
0,0 1,1 2,2 3,3 4,4 5,4 6,5 7,6 8,6 9,7 10,8 11,9 11,10 12,11 13,12 14,13 15,13 16,12 17,12 18,12 19,13 20,13 21,12 22,12 23,12 24,13 25,13 26,14 26,15 27,16 28,16 29,17 30,18 31,18 32,19 33,20 34,21 34,22 35,23 36,24 37,25 37,26 38,27 39,28 40,29 41,29 42,30 43,31 44,31 45,32 46,33 47,34 48,35 49,36 50,35 51,35 52,36 53,35 54,35 55,36 56,37 56,38 57,39 57,40 58,41 59,42 60,42 61,42 62,42 63,43 64,44 65,45 66,46 67,46 68,45 69,45 70,45 71,46 72,47 73,48 73,49 74,50 73,51 73,52 73,53 73,54 74,55 75,56 76,57 77,57 78,58 78,59 78,60 79,61 80,62 80,63 80,64 80,65 81,66 82,67 81,68 82,69 83,70 83,71 83,72 84,73 84,74 85,75 85,76 86,77 87,78 88,79 89,80 89,81 89,82 89,83 89,84 89,85 89,86 89,87 88,88  Distance: 2648
0,0 1,1 2,2 3,3 4,4 5,4 6,5 7,6 8,6 9,7 10,8 11,9 11,10 12,11 13,12 14,13 15,13 16,12 17,12 18,12 19,13 20,13 21,12 22,12 23,12 24,13 25,13 26,14 26,15 27,16 28,16 29,17 30,18 31,18 32,19 33,20 34,21 34,22 35,23 36,24 37,25 37,26 38,27 39,28 40,29 41,29 42,30 43,31 44,31 45,32 46,33 47,34 48,35 49,36 50,35 51,35 52,36 53,35 54,35 55,36 56,37 56,38 57,39 57,40 58,41 59,42 60,42 61,42 62,42 63,43 64,44 65,45 65,46  Distance: 1643
0,0 0,1 1,2 2,3 3,4 3,5 2,6 3,7 3,8 4,9 5,10 6,11 7,12 8,13 9,14 9,15 10,16 10,17 11,18 11,19 11,20 11,21 12,22 12,23 13,24 13,25 14,26 14,27 14,28 14,29 15,30 16,31 17,32 17,33 17,34 17,35 18,36 17,37 17,38 18,39 19,39 20,40 21,40 22,41 23,42 24,43 24,44 25,45 26,46 27,46 28,46 29,47 30,48 31,49 32,49  Distance: 1299
0,0 1,1 2,2  Distance: 69
0,0 0,1 1,2 2,3 3,4 3,5 2,6 3,7 3,8 4,9 3,10 3,11 3,12 3,13 3,14 2,15 1,16 2,17 2,18 2,19 2,20 2,21 3,22 4,23 3,24 3,25 4,26 3,27 3,28 3,29 4,30 4,31 5,32 6,33 7,34 7,35 7,36 7,37 6,38 5,39 5,40 4,41 4,42 5,43 5,44 4,45 3,46 4,47 5,48 5,49 6,50 7,51 7,52 8,53 8,54 7,55 7,56 7,57 7,58 7,59 8,60 8,61 8,62 7,63 7,64 7,65 7,66 7,67 8,68 7,69 7,70 8,71 9,72 10,73 10,74 10,75 10,76 9,77 10,78 10,79 9,80 8,81 7,82 7,83 8,84 8,85 8,86 8,87 7,88 7,89 8,90 8,91 7,92 6,93 6,94 6,95 6,96 7,97 8,98 9,99  Distance: 2255
0,0 1,1 2,2 3,3 4,4 5,4 6,5 7,6 8,6 9,7 10,8 11,9 11,10 12,11 13,12 14,13 15,13 16,12 17,12 18,12 19,13 20,13 21,12 22,12 23,12 24,13 25,13 26,14 27,14 28,13 29,14 30,14 31,13 32,13 33,12 34,11 35,11 36,11 37,10 38,10 39,10 40,11 41,11 42,11 43,10 44,10 45,11 46,10 47,10 48,9 49,8 50,7 51,6 52,6 53,5 54,6 55,6 56,6 57,6 58,6 59,7 60,7 61,6 62,5 63,5 64,5 65,4 66,4 67,4 68,4 69,5 70,5 71,5 72,4 73,4 74,4 75,4 76,3 77,2 78,2 79,2 80,2 81,3 82,3 83,4 84,5 85,5 86,4 87,5 88,5 89,5 90,5 91,6 92,7 93,8 94,9 95,8 96,9 97,9 98,9 99,9  Distance: 2259
0,0 1,1 2,2 3,3 4,4 5,4 6,5 7,6 8,6 9,7 10,8 11,9 11,10 12,11 13,12 14,13 15,14 14,15 15,16 16,17 17,17 18,18 18,19 17,20 18,21 19,22 20,22 21,22 22,23 23,24 23,25 24,26 23,27 24,28 25,29 26,29 27,30 28,31 29,32 30,32 31,33 32,34 32,35 32,36 32,37 32,38 31,39 32,40 33,41 34,42 35,43 36,43 37,44 38,45  Distance: 1317
0,0 1,1 2,2 3,3 4,4 5,4 6,5 7,6 8,6 9,7 10,8 11,9 11,10 12,11 13,12 14,13 15,13 16,12 17,12 18,12 19,13 20,13 21,12 22,12 23,12 24,13 25,13 26,14 26,15 27,16 28,16 29,17 30,18 31,18 32,19 33,20 34,21 34,22 35,23 36,24 37,25 37,26 38,27 39,28 40,29 39,30 40,31 40,32 40,33 40,34 41,35 41,36 42,37 43,36 44,37 45,38  Distance: 1275
0,0 0,1 1,2 2,3 3,4 3,5 2,6 3,7 3,8 4,9 3,10 3,11 3,12 3,13 3,14 2,15 1,16 2,17 2,18 2,19 2,20 2,21 3,22 4,23 3,24 3,25 4,26 3,27 3,28 3,29 4,30 4,31 5,32 6,33 7,34 7,35 7,36 7,37 6,38 5,39 5,40 4,41 4,42 5,43 5,44 6,45 7,46 8,47 9,48 9,49 10,50 11,51 12,51 13,52 14,53 14,54 14,55 15,56 16,56 17,57 18,58 19,59 20,60 20,61 21,62 22,63 23,64 23,65  Distance: 1500
0,0 1,1 2,2 3,3 4,4 5,4 6,5 7,6 8,6 9,7 10,8 11,9 11,10 12,11 13,12 14,13 15,13 16,12 17,12 18,12 19,13 20,13 21,12 22,12 23,12 24,13 25,13 26,14 27,14 28,13 29,13 30,13 31,14 32,15 33,15 34,16 34,17 34,18 35,19 36,18 37,19 38,20 39,19 40,19 41,19 42,20 43,20 44,20 45,21 46,22 47,22 48,22 49,21 50,20 51,20 52,20 53,21 54,21 55,22 56,22 57,21 58,22 59,22 60,22 61,23 62,23 63,22 64,23 65,23  Distance: 1528
0,0 1,1 2,2 3,3 4,4 5,4 6,5 7,6 8,6 9,7 10,8 11,9 11,10 12,11 13,12 14,13 15,14 14,15 15,16 16,17 17,17 18,18 18,19 17,20 18,21 19,22 20,22 21,22 22,23 23,24 23,25 24,26 25,26 26,27 27,26 28,27 28,28 29,29 30,30 31,30  Distance: 946
0,0 0,1 1,2 2,3 3,4 3,5 2,6 3,7 3,8 4,9 3,10 3,11 3,12 3,13 3,14 2,15 1,16 2,17 2,18 2,19 2,20 2,21 3,22 4,23 3,24 3,25 4,26 3,27 3,28 3,29 4,30 4,31 5,32 6,33 7,34 7,35 7,36 7,37 6,38 5,39 5,40 4,41 4,42 5,43 5,44 6,45 7,46 8,47 9,48 9,49 10,50 11,51 12,51 13,52 14,53 14,54 14,55 15,56 16,56 17,57 18,58 19,59 20,60 20,61 21,62 22,63 23,64 23,65 24,66 25,67 25,68 26,69 26,70 26,71 27,72 28,72 29,73 29,74 28,75 28,76 27,77  Distance: 1782
0,0 1,1 2,2 3,3 4,4 5,4 6,5 7,6 8,6 9,7 10,8 11,9 11,10 12,11 13,12 14,13 15,13 16,12 17,12 18,12 19,13 20,13 21,12 22,12 23,12 24,13 25,13 26,14 27,14 28,13 29,13 30,13 31,14 32,15 33,15 34,16 34,17 34,18 35,19 36,18 37,19 38,20 39,19 40,19 41,19 42,20 43,20 44,20 45,21 46,22 47,22 48,23 49,24 50,24 51,25 52,25 53,26 54,26 55,27 56,26 57,27 58,27 59,27 60,26 61,27 62,27 63,27 64,27 65,28 65,29 66,30 67,30 68,30 69,30 70,30 71,30 72,29 73,28 74,29 75,28 75,27 76,26 77,27  Distance: 1832
0,0 1,1 2,2 3,3 4,4 5,4 6,5 7,6 8,6 9,7 10,8 11,9 11,10 12,11 13,12 14,13 15,14 14,15 15,16 16,17 17,17 18,18 18,19 17,20 18,21 19,22 20,22 21,22 22,23 23,24 23,25 24,26 23,27 24,28 25,29 26,29 27,30 28,31 29,32 30,32 31,33 32,34 32,35 32,36 32,37 32,38 31,39 32,40 33,41 34,42 35,43 36,44 37,45 38,46 37,47 38,48 38,49 39,50 40,51 40,52 41,53  Distance: 1507
0,0 1,1 2,2 3,3 4,4 5,4 6,5 7,6 8,6 9,7 10,8 11,9 11,10 12,11 13,12 14,13 15,13 16,12 17,12 18,12 19,13 20,13 21,12 22,12 23,12 24,13 25,13 26,14 26,15 27,16 28,16 29,17 30,18 31,18 32,19 33,20 34,21 34,22 35,23 36,24 37,25 37,26 38,27 39,28 40,29 41,29 42,30 43,31 44,31 45,32 46,33 47,34 48,35 49,36 50,35 51,35 52,36 53,35 54,35 55,36 56,37 56,38 57,39 57,40 58,41 59,42 60,42 61,42 62,42 63,43 64,44 65,45 66,46 67,46 68,45 69,45 70,45 71,46 72,47 73,48 73,49 74,50 75,51 76,52 77,52 78,53 79,54 80,54 81,55 82,56 83,57 84,58 84,59 85,60 86,61 87,62 88,62 89,63 90,64 91,64 92,64 93,64 94,65 95,66 96,67 97,67  Distance: 2470
0,0 1,1 2,2 3,3 4,4 5,4 6,5 7,6 8,6 9,7 10,8 11,9 11,10 12,11 13,12 14,13 15,14 16,15 17,16 18,17 19,17 20,17 21,18 21,19 22,20 23,20 24,20 25,21 26,21 27,22 28,23 29,24 30,25 31,26 32,27 31,28 32,29 33,30 34,31 35,32 36,33 37,33 38,34 39,35 40,36 40,37 41,38 42,39 43,40 44,41 45,42 45,43 46,44 46,45 47,46 46,47 46,48 45,49 45,50 45,51 45,52 45,53 46,54 47,55 48,56 49,57 50,58 51,59 51,60 52,61 52,62 51,63 51,64 51,65 50,66 51,67 52,68 52,69 52,70 53,71 54,72 55,73 56,74 55,75 55,76 56,77 57,78 58,79 59,80 60,80 61,81 62,82  Distance: 2225
0,0 1,1 2,2 3,3 4,4 5,4 6,5 7,6 8,6 9,7 10,8 11,9 11,10 12,11 13,12 14,13 15,13 16,12 17,12 18,12 19,13 20,13 21,12 22,12 23,12 24,13 25,13 26,14 26,15 27,16 28,16 29,17 30,18 31,18 32,19 33,20 34,21 34,22 35,23 36,24 37,25 37,26 38,27 39,28 40,29 41,29 42,30 43,31 44,31 45,32 46,33 47,34 48,35 49,36 50,35 51,35 52,36 53,35 54,35 55,36 56,37 56,38 57,39 57,40 58,41 59,42 60,42 61,42 62,42 63,43 64,44 65,45 66,46 67,46 68,45 69,45 70,45 71,46 72,47 73,47 74,47 75,48 76,47 77,47 78,48 79,49 80,50 81,50 82,51 83,51 84,52 84,53 85,54 86,55 87,56 88,55 89,56 90,56 91,55 92,54 93,54  Distance: 2201
0,0 1,1 2,2 3,3 4,4 5,4 6,5 7,6 8,6 9,7 10,8 11,9 11,10 12,11 13,12 14,13 15,13 16,12 17,12 18,12 19,13 20,13 21,12 22,12 23,12 24,13 25,13 26,14 27,14 28,13 29,14 30,14 31,13 32,13 33,12 34,11  Distance: 845
0,0 1,0  Distance: 50
0,0 0,1 1,2 2,3 3,4 3,5 2,6 3,7 4,8 5,9  Distance: 264
0,0 1,1 2,2 3,3 4,4 5,4 6,5 7,6 8,6 9,5  Distance: 230
0,0 1,1 2,2 3,3 4,4 5,4 6,5 7,6 8,6 9,7 10,8 11,9 11,10 12,11 13,12 14,13 15,14 16,15 17,16 18,17 19,17 20,17 21,18 21,19 22,20 23,20 24,20 25,21 26,21 27,22 28,23 29,24 30,25 31,26 32,27 31,28 32,29 33,30 34,31 35,32 36,33 37,33 38,34 39,35 40,36 40,37 41,38 42,39 43,40 44,41 45,42 45,43 46,44 46,45 47,46 48,46 49,47 49,48 49,49 50,50 51,51 52,52 53,53 53,54 54,55 55,55 56,56 57,57 57,58 58,59 59,60 60,61 61,60 62,61 63,62 63,63 64,64 65,65 66,66 67,67  Distance: 2028
0,0 1,1 2,2 3,3 4,4 5,4 6,5 7,6 8,6 9,7 10,8 11,9 11,10 12,11 13,12 14,13 15,14 14,15 15,16 16,17 17,17 18,18 18,19 17,20 18,21 19,22 20,22 21,22 22,23 23,24 23,25 24,26 25,26 26,27 27,26 28,27 28,28 29,29 30,30 31,30 32,31 33,32 33,33  Distance: 1019
0,0 1,1 2,2 3,3 4,4 5,4 6,5 7,6 8,6 9,7 10,8 11,9 11,10 12,11 13,12 14,13 15,14 16,15 17,16 18,17 19,17 20,17 21,18 21,19 22,20 23,20 24,20 25,21 26,21 27,22 28,23 29,24 30,25 31,26 32,27 31,28 32,29 33,30 34,31 35,32 36,33 37,33 38,34 39,35 40,36 40,37 41,38 42,39 43,40 44,41 45,42 45,43 46,44 46,45 47,46 48,46 49,47 49,48 49,49 50,50 51,51 52,52 53,53 53,54 54,55 55,55 56,56 57,57 57,58 58,59 59,60 60,61 61,60 62,61 63,62 63,63 64,64 65,65 66,66  Distance: 2012
0,0 1,1 2,2 3,3 4,4 5,4 6,5 7,6 8,6 9,7 10,8 11,9 11,10 12,11 13,12 14,13 15,14 16,15 17,16 18,17 19,17 20,17 21,18 21,19 22,20 23,20 24,20 25,21 26,21 27,22 28,23 29,24 30,25 31,26 32,27 31,28 32,29 33,30 34,31 35,32 36,33 37,33 38,34 39,35 40,36 40,37 41,38 42,39 43,40 44,41 45,42 45,43 46,44 46,45 47,46 48,46 49,47 49,48 49,49 50,50 51,51 52,52 53,53 53,54 54,55 55,55  Distance: 1635
0,0 1,1 2,2 3,3 4,4 5,4 6,5 7,6 8,6 9,7 10,8 11,9 11,10 12,11 13,12 14,13 15,14 16,15 17,16 18,17 19,17 20,17 21,18 21,19 22,20 23,20 24,20 25,21 26,21 27,22 28,23 29,24 30,25 31,26 32,27 31,28 32,29 33,30 34,31 35,32 36,33 37,33 38,34 39,35 40,36 40,37 41,38 42,39 43,40 44,41 45,42 45,43 44,44  Distance: 1310
0,0 1,1 2,2 3,3 4,4 5,4 6,5 7,6 8,6 9,7 10,8 11,9 11,10 11,11  Distance: 363
0,0 1,1 2,2 3,3 4,4 5,4 6,5 7,6 8,6 9,7 10,8 11,9 11,10 12,11 13,12 14,13 15,14 16,15 17,16 18,17 19,17 20,17 21,18 21,19 22,20 22,21 22,22  Distance: 681
0,0 0,1 1,2 2,3 3,4 3,5 2,6 3,7 3,8 4,9 5,10 6,11 7,12 8,13 9,14 9,15 10,16 10,17 11,18 11,19 11,20 11,21 11,22  Distance: 539
0,0 1,1 2,2 3,3 4,4 5,4 6,5 7,6 8,6 9,7 10,8 11,9 11,10 12,11 13,12 14,13 15,13 16,12 17,12 18,12 19,13 20,13 21,12 22,11  Distance: 594
0,0 1,1 2,2 3,3 4,4 5,4 6,5 7,6 8,6 9,7 10,8 11,9 11,10 12,11 13,12 14,13 15,14 16,15 17,16 18,17 19,17 20,17 21,18 21,19 22,20 23,20 24,20 25,21 26,21 27,22 28,23 29,24 30,25 31,26 32,27 31,28 32,29 33,30 34,31 35,32 36,33 37,33 38,34 39,35 40,36 40,37 41,38 42,39 43,40 44,41 45,42 45,43 46,44 46,45 47,46 48,46 49,47 49,48 49,49 50,50 51,51 52,52 53,53 53,54 53,55 54,56 53,57 53,58 53,59 54,60 55,61 56,61 57,62 57,63 58,64 59,65 59,66 60,67 61,67 62,67 63,68 63,69 64,70 65,69 66,70 67,71 68,72 69,72 70,73 71,73 72,74 72,75 73,76 74,76 75,77 76,78 77,78 78,79 79,80 80,80  Distance: 2406
0,0 0,1 1,2 2,3 3,4 3,5 2,6 3,7 3,8 4,9 5,10 6,11 7,12 8,13 9,14 9,15 10,16 10,17 11,18 11,19 11,20 11,21 12,22 12,23 13,24 13,25 14,26 14,27 14,28 14,29 15,30 16,31 17,32 17,33 17,34 17,35 18,36 17,37 17,38 18,39 19,39 20,40 21,40 22,41 23,42 24,43 24,44 25,45 26,46 26,47 25,48 25,49 26,50 27,51 27,52 27,53 28,54 28,55 27,56 28,57 29,57 30,58 30,59 31,60 30,61 31,62 32,63 32,64 32,65 33,66 33,67 34,68 35,69 36,70 37,71 38,72 39,73 39,74 40,75 41,75 42,76 43,77 43,78 44,79 45,79 46,79 47,80 48,81 49,82 50,83 51,84 51,85 51,86 52,87 53,87 54,88 54,89 55,90 56,91 57,92 56,93 56,94 56,95 57,96 58,97 59,98 60,99 61,99 62,99 63,98 64,98 65,99  Distance: 2573
0,0 1,1 2,2 3,3 4,4 5,4 6,5 7,6 8,6 9,7 10,8 11,9 11,10 12,11 13,12 14,13 15,13 16,12 17,12 18,12 19,13 20,13 21,12 22,12 23,12 24,13 25,13 26,14 26,15 27,16 28,16 29,17 30,18 31,18 32,19 33,20 34,21 34,22 35,23 36,24 37,25 37,26 38,27 39,28 40,29 41,29 42,30 43,31 44,31 45,32 46,33 47,34 48,35 49,36 50,35 51,35 52,36 53,35 54,35 55,36 56,37 56,38 57,39 57,40 58,41 59,42 60,42 61,42 62,42 63,43 64,44 65,45 66,46 67,46 68,45 69,45 70,45 71,46 72,47 73,47 74,47 75,48 76,47 77,47 78,48 79,49 80,50 81,50 82,51 83,51 84,52 84,53 85,54 86,55 87,56 88,55 89,56 90,56 91,57 92,58 92,59 93,60 94,61 95,62 96,62 97,63 98,63 99,64 99,65  Distance: 2463
0,0 1,1 2,2 3,3 4,4 5,4 6,5 7,6 8,6 9,6 10,6 11,7 12,8 13,9 14,8 15,9 16,9 17,8 18,7 19,6 20,6 21,6 22,5 23,6 24,5 25,6 26,7 27,6 28,6 29,5 30,5 31,6 31,7  Distance: 774